mskpy/data/calspec-jwst-nirspec-prism.ecsv
# %ECSV 1.0
# ---
# datatype:
# - {name: wave, unit: um, datatype: float64}
# - {name: spec, unit: W / (um m2), datatype: float64}
# meta: !!omap
# - {comments: 'CALSPEC model solar spectrum, smoothed to match JWST/NIRSpec Prism'}
# - {spectrum: 'R=5000, created by R. Bohlin from Kurucz Special Model'}
# schema: astropy-2.0
wave spec
[from data line 10454]
1.4524407834400002 314.6398690678744
1.4525889398100003 314.56072048890155
1.4527371112900003 314.4814640296484
1.4528852978800004 314.402106414108
1.4530334995900003 314.3228753113099
1.4531817164200003 314.24366831474055
1.4533299483600002 314.16447636674536
1.4534781954300002 314.0851969287872
1.4536264576200004 314.0061832917142
1.4537747349300003 313.9270646175459
1.4539230273700001 313.8478594402456
1.4540713349300003 313.76878867870124
1.4542196576300004 313.6897419142937
1.4543679954500004 313.61071915551526
1.4545163484000003 313.5317325709745
1.4546647164900004 313.45275934597345
1.4548130997100002 313.37381253816244
1.4549614980600003 313.29489099620093
1.4551099115600004 313.21588241928356
1.45525834019 313.13700859866526
1.4554067839600002 313.05829115125607
1.4555552428800003 312.97947044805784
1.4557037169300002 312.9005646431071
1.45585220614 312.82178924006
1.4560007104900003 312.7430355297434
1.4561492299900003 312.6643058805093
1.4562977646300004 312.58549464183153
1.4564463144300002 312.5069559384798
1.45659487939 312.428312451663
1.4567434594900004 312.34969247834954
1.4568920547600004 312.270986793959
1.4570406651800003 312.19241677749255
1.4571892907500004 312.11387220599215
1.4573379314900003 312.0354845742694
1.4574865874000003 311.95686998223
1.4576352584600003 311.8784013578011
1.4577839446900003 311.79995597292776
1.4579326460900002 311.72142314202824
1.4580813626500004 311.6430269165146
1.4582300943900002 311.5647898753953
1.4583788413000003 311.48644846722283
1.4585276033800003 311.4080205472294
1.4586763806300005 311.3297292235115
1.4588251730600004 311.25146040799814
1.4589739806700002 311.1732273438405
1.4591228034600001 311.09490530268965
1.4592716414200002 311.0168486558629
1.4594204945700004 310.9386872508958
1.4595693629100004 310.8605506916126
1.4597182464300003 310.7823256977606
1.45986714513 310.70423662780206
1.4600160590300002 310.62617626231935
1.4601649881100003 310.54827296804297
1.46031393239 310.47014251737437
1.4604628918600002 310.39216177820845
1.4606118665200003 310.3142083251257
1.4607608563800003 310.2362794855779
1.4609098614400002 310.15827147146786
1.46105888169 310.0805334250857
1.4612079171500003 310.0026829753403
1.4613569678100002 309.9247422362873
1.4615060336700003 309.84693535716536
1.4616551147400003 309.76914761648766
1.4618042110200002 309.6913945751284
1.4619533225100003 309.61355989668846
1.4621024492 309.5359892231327
1.4622515911100002 309.45831208195034
1.4624007482300003 309.38066047176534
1.46254992056 309.3029262064298
1.4626991081100003 309.22532762458326
1.4628483108800003 309.147754098402
1.4629975288700001 309.07033522065626
1.46314676208 308.99269252471817
1.4632960105100004 308.9151953552456
1.4634452741700001 308.83772335382844
1.4635945530500003 308.76027696338565
1.4637438471600004 308.6827473926326
1.4638931565000004 308.60548192941974
1.4640424810700001 308.528113091663
1.4641918208700002 308.4506595129512
1.4643411759000002 308.3733418143457
1.4644905461700002 308.29604763378455
1.46463993167 308.21878468396153
1.4647893324100003 308.14156450050984
1.4649387484000003 308.06434928822887
1.4650881796200002 307.9871600107445
1.4652376260900004 307.9099967679329
1.4653870878000002 307.8327496752115
1.4655365647600003 307.7556356565291
1.4656860569600003 307.6785458548735
1.4658355644100003 307.6016068771735
1.4659850871200002 307.5244501084042
1.4661346250700003 307.4474362910028
1.4662841782800005 307.3704486849613
1.4664337467500002 307.2934867735071
1.4665833304700002 307.21644235561445
1.4667329294500002 307.1396579206363
1.4668825436900002 307.06277207345164
1.4670321731900005 306.9858046433073
1.4671818179500005 306.90897090892065
1.4673314779800004 306.83215149451684
1.4674811532700005 306.75536841112313
1.4676308438300003 306.6786296512641
1.4677805496700003 306.6018969731192
1.4679302707700004 306.5251896054485
1.4680800071400002 306.4485086744343
1.4682297587900004 306.37174865879837
1.4683795257100003 306.2951196040575
1.4685293079100004 306.21863942884806
1.4686791053900001 306.1420600932678
1.4688289181500003 306.06539952409145
1.4689787461900001 305.9888703127807
1.4691285895200004 305.91236465476834
1.4692784481300003 305.8357778566544
1.4694283220200002 305.75944662152824
1.4695782112100004 305.6830152615272
1.4697281156800002 305.60660864857647
1.4698780354400005 305.5301227782075
1.4700279705000003 305.4537558781976
1.4701779208500003 305.3774260075495
1.4703278864900005 305.3012441596851
1.4704778674400003 305.2248574505308
1.4706278636800003 305.1486014714105
1.4707778752200003 305.0723714301324
1.4709279020700003 304.99616666154486
1.4710779442200004 304.9198824579641
1.4712280016700001 304.8437267525794
1.4713780744300002 304.76771932651855
1.4715281625000003 304.6914998107042
1.47167826587 304.61541919882325
1.4718283845600002 304.5393617585466
1.4719785185600005 304.4633293071797
1.4721286678800003 304.38721888092334
1.4722788325100002 304.3113581047972
1.4724290124600004 304.2354001740532
1.4725792077300004 304.1594677855023
1.4727294183200001 304.08346047192884
1.4728796442300003 304.00757016366055
1.4730298854700001 303.9317108237145
1.4731801420300004 303.85599819562094
1.4733304139200003 303.78008814527726
1.4734807011300002 303.70430371566374
1.4736310036800004 303.6285428769044
1.4737813215600002 303.5527064919663
1.4739316547700003 303.47699797795536
1.4740820033200002 303.40143150862747
1.4742323672000004 303.3257700631794
1.4743827464200003 303.25002886550266
1.4745331409800004 303.1744158103445
1.4746835508800002 303.0988284689931
1.4748339761200004 303.02326552116
1.4749844167100004 302.94774077088465
1.4751348726400002 302.8722159620714
1.4752853439200002 302.7967163182089
1.4754358305500002 302.7212478159515
1.4755863325300003 302.6456954235744
1.47573684986 302.5702739802957
1.47588738255 302.4949936971338
1.4760379305900004 302.4195228671993
1.4761884939900003 302.3441757644928
1.4763390727400003 302.26885113400044
1.47648966686 302.1935498141258
1.4766402763300004 302.1181745815058
1.4767909011700004 302.0430375391135
1.4769415413800002 301.96780797411657
1.4770921969500002 301.8925924393693
1.4772428678800003 301.81731294004993
1.4773935541900003 301.7421537519172
1.47754425587 301.6670181235916
1.4776949729200004 301.5919232573429
1.4778457053400003 301.5168345799005
1.4779964531400003 301.44176961388723
1.4781472163200002 301.3667282611852
1.4782979948700001 301.2916150755315
1.4784487888100004 301.21661509200516
1.4785995981200004 301.14175686546923
1.4787504228200001 301.06680575100484
1.4789012629100002 300.99177998524067
1.4790521183800003 300.9168693058669
1.4792029892400005 300.84198507787085
1.4793538754900004 300.7670321628686
1.4795047771300003 300.6923077738208
1.4796556941600003 300.61749666339483
1.4798066265900003 300.542699833804
1.4799575744100004 300.4678429846705
1.4801085376300003 300.39310379694786
1.4802595162500003 300.3183870318399
1.4804105102700003 300.243802206362
1.4805615197000002 300.1690378968263
1.4807125445200002 300.09438875006595
1.4808635847500002 300.0197610466482
1.4810146403900002 299.9450634845553
1.4811657114400003 299.8704743079681
1.4813167978900004 299.7960265604429
1.4814678997600004 299.7214925875153
1.4816190170400003 299.6468898894849
1.4817701497400004 299.5724011427649
1.4819212978500003 299.49793334337903
1.4820724613800003 299.42348038579865
1.4822236403300004 299.34906225273767
1.4823748347000003 299.2746569850683
1.4825260445000004 299.2002665661926
1.4826772697200001 299.12581947211254
1.4828285103600003 299.05148451732765
1.4829797664300002 298.97717161170664
1.4831310379300005 298.90298596141054
1.4832823248600002 298.8286285855812
1.4834336272200004 298.7543779065597
1.4835849450200005 298.6801512012765
1.4837362782500003 298.6059576720751
1.4838876269200003 298.53172443118564
1.4840389910200003 298.4576702137566
1.4841903705700001 298.3835308063735
1.4843417655600004 298.3093260428006
1.4844931759900004 298.2352299397115
1.4846446018600001 298.16115559414095
1.4847960431800002 298.0871021783175
1.4849474999500003 298.0130864631657
1.4850989721700003 297.93907813445185
1.4852504598400003 297.86508813533743
1.4854019629600002 297.79110911782743
1.4855534815400002 297.71707477207923
1.4857050155700002 297.6431468027504
1.4858565650600004 297.5693390747667
1.4860081300100003 297.49536973203203
1.4861597104100002 297.42150577237925
1.4863113062800004 297.34766530734913
1.4864629176200004 297.27384825427293
1.4866145444200003 297.1999981521078
1.4867661866800002 297.1263235505262
1.4869178444200002 297.0525633684796
1.4870695176200002 296.9788190147327
1.4872212062900003 296.9050108304977
1.4873729104400002 296.8313046805732
1.4875246300700002 296.7576186135176
1.48767636516 296.68396477575124
1.4878281157400002 296.6103150569474
1.4879798818000003 296.53669047361586
1.4881316633300004 296.4630845433798
1.4882834603500001 296.3894215824045
1.48843527286 296.31585897669055
1.4885871008500002 296.2424088382453
1.4887389443200003 296.1688845133868
1.4888908032900001 296.0953015146808
1.4890426777400003 296.02181933250296
1.4891945676900002 295.94836218751504
1.4893464731300003 295.8748537992722
1.4894983940700002 295.80152336910226
1.4896503305000004 295.7281213295791
1.4898022824300006 295.654738048596
1.4899542498600002 295.5812967044831
1.49010623279 295.5079522233825
1.4902582312300003 295.43462849166264
1.4904102451700003 295.36133771543774
1.4905622746200002 295.2880527946637
1.4907143195700003 295.2147783682876
1.4908663800300004 295.1415319026092
1.4910184560100002 295.0682305322089
1.4911705475000003 294.9950223489412
1.4913226545000002 294.9219197214865
1.4914747770100003 294.8487497864088
1.4916269150500003 294.7755262360085
1.4917790686000003 294.7023951207929
1.4919312376700002 294.62928246476986
1.4920834222700001 294.55619249634873
1.4922356223900002 294.4831167039687
1.4923878380300004 294.4100603352534
1.4925400692000004 294.3370198787271
1.4926923159000003 294.2639246417044
1.4928445781300002 294.1909205264846
1.4929968558900002 294.1180191492398
1.4931491491900002 294.04498293404214
1.4933014580100004 293.97203455006127
1.4934537823800003 293.8990955676767
1.4936061222800001 293.8261817516185
1.4937584777200001 293.7532168429386
1.4939108487100003 293.6804181239759
1.4940632352300003 293.60755684012867
1.4942156373000002 293.53471265960576
1.4943680549200002 293.4618182556293
1.4945204880800003 293.38900909932715
1.4946729367900002 293.3162190135669
1.4948254010600004 293.2434499601574
1.4949778808700003 293.17069580942774
1.4951303762400003 293.09795791487255
1.4952828871600001 293.02523586525655
1.49543541364 292.95246524377995
1.4955879556800002 292.87977704324703
1.4957405132800001 292.80718068104125
1.4958930864400002 292.73445885760674
1.4960456751700004 292.6618139218885
1.4961982794600004 292.58918314519315
1.4963508993100003 292.51657386552006
1.4965035347400002 292.443923280293
1.4966561857300005 292.371426839613
1.4968088522900003 292.2988734618018
1.4969615344300002 292.2262742182503
1.4971142321400004 292.15375265130825
1.4972669454300005 292.0812461539596
1.4974196742900003 292.00882617475526
1.4975724187400004 291.9362820859085
1.4977251787600003 291.863826900761
1.4978779543700003 291.7913868388998
1.4980307455600002 291.7189609001149
1.4981835523400004 291.64649297569736
1.4983363747000005 291.57416930462097
1.4984892126500002 291.5017915054907
1.4986420661900002 291.4293710025939
1.4987949353300003 291.35701231475167
1.4989478200500002 291.28467830011965
1.4991007203800002 291.21235964180624
1.4992536363000002 291.14006594505145
1.4994065678100001 291.0677778233085
1.4995595149300003 290.9955048158967
1.4997124776500004 290.9231910356561
1.4998654559700002 290.8509506173443
1.5000184499000002 290.77872551756747
1.5001714594300002 290.70657626503566
1.5003244845700003 290.63432174581567
1.5004775253200004 290.5621529061376
1.50063058168 290.4899905998495
1.50078365365 290.41778169389
1.50093674124 290.34563985476717
1.5010898444400003 290.2735779892932
1.5012429632600002 290.2014698559618
1.5013960977000003 290.1293194171906
1.5015492477600003 290.05722447894965
1.5017024134400003 289.9851528467456
1.50185559475 289.9131030698087
1.5020087916800005 289.84105762828904
1.5021620042300003 289.76902566606446
1.5023152324200002 289.69700732143366
1.5024684762300005 289.62495337827477
1.5026217356800002 289.5529633724148
1.5027750107600004 289.4810447039585
1.5029283014800003 289.4090710600976
1.5030816078300002 289.3370703653691
1.50323492982 289.26513186054916
1.5033882674500003 289.193208622421
1.5035416207200003 289.1212590449286
1.5036949896300003 289.04942999096596
1.5038483741900002 288.97755012116426
1.5040017744000003 288.90567565865416
1.50415519025 288.8337582031875
1.5043086217500004 288.76190891407003
1.5044620689000003 288.6901247745594
1.5046155317000003 288.61825451060196
1.5047690101600004 288.54644113191523
1.5049225042800003 288.47464014005277
1.5050760140500001 288.4028515271929
1.5052295394800004 288.33103137120094
1.5053830805700001 288.25931717585496
1.50553663732 288.1875646922773
1.5056902097300002 288.11577188566577
1.5058437978100003 288.04404206299955
1.5059974015600004 287.97232381997657
1.5061510209800004 287.90061734998886
1.5063046560600002 287.8289294390363
1.5064583068200001 287.7572452858114
1.5066119732500003 287.6855706119767
1.5067656553600002 287.6138664361152
1.5069193531400003 287.54221210710676
1.5070730666000003 287.4705786729801
1.5072267957400003 287.39899750618633
1.5073805405600003 287.3273399989703
1.5075343010600002 287.25573280287773
1.5076880772500003 287.184136593244
1.5078418691200004 287.1125133631332
1.5079956766800005 287.04098044728335
1.5081494999300005 286.9694122494299
1.5083033388700005 286.8978489860667
1.5084571935100004 286.8262679238343
1.50861106383 286.754736018382
1.5087649498600002 286.6832158705141
1.50891885158 286.6117120420204
1.50907276899 286.5402098792462
1.50922670211 286.4687150928943
1.5093806509300003 286.3972277334145
1.5095346154600002 286.3257122932304
1.5096885956900004 286.25424665282475
1.50984259162 286.1828291385933
1.50999660327 286.1113505829936
1.51015063062 286.0399163286244
1.5103046736900003 285.96849111169183
1.5104587324700005 285.89707383028343
1.5106128069600002 285.8256712813072
1.5107668971700003 285.75427610611797
1.5109210031000004 285.6828938553862
1.5110751247500003 285.61149360104724
1.51122926212 285.54012855460604
1.5113834152100003 285.4687684115265
1.5115375840300005 285.3974500279174
1.5116917685700002 285.3260761919455
1.5118459688400003 285.25473920494886
1.5120001848400002 285.1834102647095
1.5121544165700003 285.11205213607093
1.51230866404 285.04074012053144
1.5124629272300003 284.9694680869901
1.5126172061600003 284.8981705671281
1.5127715008300002 284.82685568993776
1.5129258112400004 284.75557695828843
1.51308013739 284.68430526351455
1.51323447928 284.61304547766
1.5133888369200001 284.54178909967465
1.5135432103000004 284.47054065204355
1.5136975994200004 284.3992922097354
1.5138520043000003 284.32803260111575
1.5140064249200003 284.2568062950606
1.5141608613000004 284.18561482271986
1.5143153134300003 284.1143771980223
1.5144697813200003 284.0431681958229
1.5146242649600001 283.9719638732016
1.5147787643600004 283.9007687339179
1.5149332795200003 283.8295546551666
1.5150878104400003 283.75840453304625
1.5152423571200002 283.68723525745446
1.5153969195700003 283.6160499723712
1.5155514977900002 283.54489227488614
1.5157060917700003 283.47373987203986
1.5158607015200003 283.40261794752394
1.5160153270400005 283.3314571570043
1.5161699683400003 283.26032321991966
1.5163246254100002 283.1891881698745
1.5164792982500004 283.1180484296663
1.5166339868800005 283.0469352284602
1.5167886912800004 282.97585110290635
1.5169434114600004 282.90473285534597
1.5170981474200003 282.8336386085622
1.5172528991700003 282.76255050797516
1.5174076667100003 282.6914673728073
1.5175624500300002 282.62038447331804
1.5177172491400002 282.5493116046827
