mskpy/data/calspec-jwst-nirspec-prism.ecsv
# %ECSV 1.0
# ---
# datatype:
# - {name: wave, unit: um, datatype: float64}
# - {name: spec, unit: W / (um m2), datatype: float64}
# meta: !!omap
# - {comments: 'CALSPEC model solar spectrum, smoothed to match JWST/NIRSpec Prism'}
# - {spectrum: 'R=5000, created by R. Bohlin from Kurucz Special Model'}
# schema: astropy-2.0
wave spec
[from data line 17846]
3.0870893412400005 23.414814742526207
3.087404240100001 23.40594028457729
3.0877191710800003 23.397067210245847
3.0880341341800004 23.388194534179075
3.0883491294100005 23.37932222114513
3.08866415677 23.37045029878109
3.0889792162700007 23.361578815069578
3.089294307910001 23.352707582132012
3.089609431680001 23.343837032168224
3.0899245876000005 23.334967179842504
3.090239775670001 23.326097553193897
3.0905549958900007 23.317228436810407
3.090870248260001 23.308359877075414
3.0911855327900004 23.29949162975503
3.0915008494800005 23.290623439263353
3.0918161983300005 23.281756836287915
3.09213157935 23.272891386468135
3.0924469925400007 23.264026632476792
3.0927624379100003 23.25516232711864
3.0930779154500008 23.246298433399243
3.0933934251700004 23.237434908450624
3.0937089670800004 23.22857263664923
3.0940245411700005 23.219711232506818
3.0943401474600005 23.210851231103597
3.094655785930001 23.201991797048187
3.094971456610001 23.193133465598663
3.0952871594800007 23.184275762553998
3.0956028945600007 23.175419531446753
3.0959186618400003 23.16656344675168
3.096234461330001 23.15770948615455
3.0965502930400004 23.148856767036563
3.0968661569600004 23.140005986090678
3.0971820531000005 23.131155018702792
3.0974979814700005 23.122305318463447
3.0978139420600006 23.113457175524623
3.0981299348800007 23.104611153161876
3.0984459599400007 23.09576679506085
3.0987620172300003 23.086924008793318
3.099078106760001 23.07808366852174
3.0993942285300005 23.069243495727005
3.0997103825500005 23.060405879843138
3.1000265688200006 23.05157007127222
3.1003427873400007 23.042735193888266
3.1006590381100003 23.033903329527593
3.1009753211500004 23.025073670910995
3.1012916364500005 23.016245057237803
3.1016079840100006 23.00742014678841
3.101924363850001 22.99859626930284
3.102240775950001 22.989774535987085
3.1025572203300005 22.980955100304985
3.1028736969900006 22.972138140856952
3.1031902059300007 22.963322634198132
3.1035067471600004 22.954510358626013
3.1038233206800006 22.94570152140337
3.1041399264900007 22.93689405416438
3.104456564590001 22.92808920730759
3.1047732349900006 22.919286151537765
3.1050899377000007 22.91048660606868
3.1054066727100005 22.901688591253475
3.1057234400300007 22.89289451914422
3.106040239660001 22.884104559804005
3.1063570716 22.875316104625103
3.106673935870001 22.866530323222683
3.1069908324600006 22.857747693451714
3.107307761370001 22.84896703535868
3.1076247226100007 22.840190766801992
3.107941716180001 22.831417666078806
3.1082587420800007 22.822647797320197
3.1085758003300006 22.813882611546116
3.1088928909100004 22.805118502234805
3.1092100138400007 22.796358962611905
3.1095271691200006 22.787602017334244
3.1098443567500005 22.778849504362967
3.1101615767400004 22.77009989304425
3.1104788290800007 22.7613537655118
3.1107961137900006 22.752612767893325
3.11111343086 22.743873850526324
3.1114307802900005 22.735137081552704
3.111748162100001 22.726405533378607
3.1120655762800005 22.717677678472516
3.112383022840001 22.708953615139656
3.112700501790001 22.700233707603633
3.113018013110001 22.691518275892843
3.1133355568300005 22.682805937365607
3.1136531329300006 22.674097221268124
3.1139707414300006 22.665392491110605
3.1142883823300003 22.65669177763682
3.1146060556300004 22.6479950803317
3.1149237613300005 22.639302439846126
3.1152414994400006 22.63061392192899
3.1155592699600008 22.62192964360715
3.1158770729 22.613249475499455
3.1161949082500007 22.604573524973983
3.1165127760200004 22.59590170479852
3.1168306762200007 22.587233854154288
3.117148608850001 22.57856996919841
3.117466573900001 22.569908851640655
3.117784571390001 22.56125512241924
3.1181026013200004 22.552604720061094
3.1184206636900003 22.543958801126635
3.1187387585000006 22.53531724433206
3.119056885760001 22.526680071563504
3.1193750454700004 22.51804733052327
3.1196932376400004 22.50941724462412
3.1200114622600004 22.500793430186683
3.1203297193400004 22.49217606623253
3.1206480088800004 22.483561357243143
3.1209663309 22.474951153690437
3.121284685380001 22.46634544420351
3.1216030723400006 22.45774239354172
3.1219214917700007 22.449145687395298
3.1222399436900004 22.44055277488902
3.1225584280800005 22.431966950694754
3.1228769449700002 22.423383772507936
3.1231954943400004 22.414805136535204
3.1235140762100007 22.40623103976155
3.1238326905800005 22.397659684996967
3.1241513374500003 22.38909472029735
3.1244700168200006 22.380534318032872
3.1247887286900005 22.371978507150278
3.1251074730800004 22.36342915092709
3.1254262499800007 22.354882386337426
3.1257450594000007 22.34633826516654
3.1260639013400007 22.337800385307165
3.1263827758000007 22.329266723962906
3.1267016827900007 22.320737604517426
3.1270206223000008 22.312213342950386
3.1273395943600004 22.303696027134084
3.1276585989500005 22.295181275153368
3.1279776360700002 22.286669173940926
3.1282967057500004 22.278163280841362
3.12861580796 22.269661992651617
3.1289349427300004 22.26116548834349
3.1292541100600006 22.25267361580344
3.1295733099300005 22.244186175545835
3.1298925423700004 22.235703268416827
3.130211807380001 22.227224764061347
3.1305311049500006 22.218750739517144
3.13085043508 22.21028027841032
3.131169797800001 22.20181517661039
3.13148919309 22.193354538090137
3.1318086209500007 22.184898409783816
3.1321280814100003 22.176447177675442
3.132447574440001 22.168000621988547
3.1327671000700006 22.159557995290736
3.1330866583000008 22.151119353364766
3.1334062491100005 22.142685011304593
3.1337258725300003 22.134255058783406
3.1340455285500006 22.125827817204737
3.1343652171800005 22.11740659785936
3.1346849384200004 22.108991477651838
3.1350046922700003 22.100578957791416
3.1353244787400003 22.092169826750766
3.1356442978300008 22.08376586409372
3.1359641495400004 22.07536617854944
3.1362840338700004 22.06696903599755
3.13660395084 22.05857784447134
3.1369239004400007 22.050192520211233
3.1372438826800004 22.041809532709152
3.1375638975500006 22.033430658865296
3.137883945070001 22.025055851990032
3.1382040252400007 22.016683376903437
3.1385241380600006 22.008316616242503
3.1388442835200006 21.999954176409943
3.1391644616500005 21.991595909396324
3.1394846724400005 21.983243477505766
3.1398049158800005 21.97489283027164
3.1401251920000006 21.96654655352263
3.1404455007800007 21.958202800103876
3.1407658422400004 21.949864537922707
3.141086216380001 21.941530278576597
3.1414066231900004 21.933200009828084
3.1417270626900002 21.9248752089675
3.1420475348700005 21.916552681830037
3.1423680397400005 21.90823264579447
3.1426885773100004 21.89991807577184
3.1430091475700004 21.89160740566474
3.143329750540001 21.88330058239592
3.1436503862000005 21.874997594036106
3.1439710545800006 21.866698357627907
3.1442917556600007 21.858404270194452
3.1446124894500005 21.850112229389715
3.1449332559700007 21.841824769834393
3.1452540552000006 21.833540668087664
3.1455748871500004 21.825260382383423
3.1458957518300004 21.81698384842075
3.1462166492500008 21.8087109639093
3.1465375793900003 21.800440257864853
3.1468585422700004 21.792176117471527
3.147179537890001 21.783914221134793
3.1475005662600006 21.77565602931294
3.1478216273700004 21.76740157174467
3.1481427212300006 21.759150822360652
3.148463847840001 21.75090374005203
3.1487850072100008 21.742658918281247
3.1491061993400002 21.734420714564894
3.14942742423 21.726184834246517
3.1497486818900007 21.71795270173031
3.1500699723200003 21.70972425459463
3.150391295530001 21.701499373693494
3.15071265151 21.693276727718576
3.1510340402700003 21.685059332450024
3.151355461810001 21.676845755169598
3.1516769161400005 21.668636174492697
3.151998403260001 21.660427973068213
3.1523199231700008 21.65222302617271
3.1526414758800008 21.644021408596203
3.152963061390001 21.635821811909178
3.153284679700001 21.62762650961876
3.1536063308200006 21.61943482772927
3.1539280147500004 21.611247825816005
3.1542497315000007 21.603062859456003
3.1545714810500005 21.59488128347092
3.1548932634300004 21.586701851376365
3.1552150786400004 21.57852708884042
3.1555369266700004 21.570355660097203
3.1558588075300005 21.562187576223938
3.1561807212200006 21.554022868250446
3.1565026677500003 21.545862977758645
3.1568246471200005 21.537705255889726
3.157146659340001 21.529549405755343
3.1574687044000007 21.521397876427063
3.15779078231 21.513249599478833
3.1581128930800006 21.505103908023745
3.1584350367000007 21.496962169554354
3.1587572131800004 21.48882371537956
3.1590794225300005 21.480689773071695
3.1594016647400007 21.472556574743187
3.1597239398200005 21.46442780577885
3.1600462477800004 21.456302240292096
3.160368588610001 21.44817982385584
3.1606909623300004 21.440060318582816
3.161013368930001 21.431943566904437
3.1613358084100005 21.423830247879874
3.16165828079 21.415720359058376
3.1619807860600004 21.407613694642546
3.1623033242200007 21.399510165725893
3.16262589529 21.391409040095986
3.162948499260001 21.383311714261666
3.1632711361400006 21.375217496392285
3.1635938059300006 21.367125241927486
3.1639165086300007 21.359038315327226
3.1642392442500005 21.350953230198055
3.1645620127900007 21.34287111053638
3.1648848142600006 21.33479193147018
3.165207648650001 21.326715904865114
3.165530515980001 21.3186421420129
3.165853416230001 21.310572857922224
3.16617634943 21.3025069769911
3.1664993155600007 21.2944420066416
3.1668223146400005 21.286380128487572
3.167145346670001 21.27832086732186
3.1674684116500003 21.270265145785704
3.1677915095800007 21.262211274805633
3.1681146404700002 21.25416129682935
3.1684378043200003 21.246114094849084
3.1687610011400005 21.238070937909345
3.1690842309200007 21.230029811061414
3.16940749368 21.22199132932143
3.169730789400001 21.213955315208658
3.170054118110001 21.205920587481078
3.1703774798000004 21.197889701556075
3.1707008744700005 21.18986174594
3.17102430213 21.18183653813795
3.1713477627800004 21.173814998632157
3.1716712564300007 21.165794324057998
3.1719947830700006 21.157776085144132
3.1723183427200006 21.149761404880174
3.1726419353700006 21.141749297096702
3.1729655610300007 21.133739740351686
3.173289219700001 21.125732726070435
3.1736129113800002 21.117729177244552
3.1739366360900005 21.109727189604254
3.1742603938100005 21.101726823952927
3.1745841845600005 21.0937299921554
3.1749080083400005 21.0857363194138
3.17523186515 21.077745310388952
3.1755557549900004 21.06975571023186
3.1758796778700003 21.061768002503232
3.1762036338000006 21.053783481191033
3.1765276227700006 21.045798995153948
3.1768516447900006 21.03781805998056
3.1771756998600003 21.02983905832005
3.1774997879800004 21.021862545186384
3.1778239091700007 21.013888454885144
3.1781480634100006 21.005916500518243
3.1784722507200005 20.997946156729228
3.1787964711100005 20.98998024501791
3.1791207245600006 20.982015588437758
3.1794450110900008 20.97405224690064
3.1797693306900006 20.966090709162483
3.180093683380001 20.95813115011726
3.1804180691600004 20.950173508873036
3.180742488020001 20.942216889834857
3.1810669399800005 20.93426381630917
3.1813914250300006 20.926311940206293
3.1817159431800004 20.91836187343072
3.1820404944300003 20.910413374496766
3.1823650787900006 20.902466364886887
3.1826896962600006 20.894520781386685
3.1830143468400007 20.88657615746698
3.1833390305400004 20.87863413837503
3.1836637473600007 20.870694717394503
3.1839884973000006 20.862756344872125
3.1843132803600005 20.854820056419825
3.1846380965600005 20.846885841440837
3.1849629458800006 20.8389527270564
3.1852878283500003 20.83102182759719
3.1856127439500006 20.823092193949194
3.1859376927000005 20.81516459281908
3.186262674590001 20.807239193760722
3.1865876896400005 20.79931475257855
3.1869127378300006 20.791391807185782
3.187237819190001 20.783469708769672
3.1875629337 20.775549313160724
3.1878880813700006 20.767630506471768
3.188213262220001 20.759713324098747
3.1885384762300006 20.751797591369716
3.1888637234200004 20.74388370401404
3.1891890037800006 20.735970625276494
3.1895143173300005 20.728058420363194
3.1898396640500004 20.720147981434092
3.190165043970001 20.712238464934345
3.1904904570700006 20.70433083615014
3.1908159033700003 20.696424524611526
3.1911413828700006 20.688519641310492
3.1914668955600005 20.680615354024518
3.191792441460001 20.672711867631673
3.1921180205700006 20.66481017066931
3.1924436328900008 20.65690955231689
3.1927692784200006 20.649009913119695
3.1930949571700005 20.641111600437828
3.1934206691400004 20.63321463973795
3.19374641434 20.625318465907423
3.19407219276 20.61742300526566
3.1943980044100004 20.609528471793627
3.1947238493000008 20.601634929377155
3.1950497274300007 20.593741719569113
3.1953756388000008 20.585850196535315
3.1957015834100004 20.577959757479714
3.196027561270001 20.570070219985357
3.1963535723800005 20.5621823285341
3.1966796167500005 20.554295001270848
3.197005694370001 20.546408289686465
3.1973318052600006 20.53852199064118
3.197657949410001 20.530636141903315
3.1979841268300007 20.522751350352316
3.1983103375200006 20.514867409391098
3.1986365814900006 20.506984668191983
3.1989628587300003 20.499102994923415
3.199289169260001 20.491221672310367
3.1996155130700004 20.48334056335528
3.1999418901700007 20.47546070750607
3.200268300560001 20.46758182444209
3.2005947442500005 20.45970380108244
3.2009212212400002 20.451826843219404
3.2012477315300005 20.443950565988654
3.2015742751300005 20.436074631165514
3.2019008520300005 20.42819941389015
3.2022274622500007 20.420324892190745
3.202554105780001 20.412450680066858
3.2028807826300003 20.40457715769522
3.2032074928100007 20.39670441910869
3.2035342363100003 20.38883256167088
3.2038610131400005 20.38096159572673
3.2041878233000007 20.37309093432532
3.2045146668000006 20.365220449799907
3.2048415436400006 20.35735080584456
3.2051684538200007 20.34948187634973
3.2054953973500004 20.34161369620324
3.2058223742300007 20.333746255138042
3.2061493844700006 20.325879262655064
3.2064764280500007 20.318011590046243
3.2068035050000003 20.310141537664187
3.2071306153200005 20.3022728803575
3.207457759000001 20.29440810155567
3.207784936050001 20.286544148206847
3.208112146470001 20.278680517235642
3.2084393902700006 20.2708173756849
3.208766667450001 20.262954588763996
3.2090939780200007 20.25509246140706
3.2094213219700003 20.247229819508206
3.2097486993100004 20.23936858671555
3.2100761100500006 20.231507829585187
3.2104035541900005 20.22364752987999
3.2107310317200004 20.215787812230822
3.211058542660001 20.207928681866733
3.2113860870100006 20.200070032906947
3.2117136647700004 20.192211665372312
3.2120412759400008 20.18435360906611
3.212368920540001 20.176495981631156
3.2126965985500004 20.16863893102415
3.2130243099900007 20.160782540659522
3.2133520548600005 20.152926633288615
3.2136798331500005 20.14507104043198
3.2140076448900006 20.13721572347348
3.2143354900600007 20.129361261271153
3.214663368670001 20.121507241553374
3.214991280730001 20.113653644422133
3.2153192262400005 20.105800363624585
3.2156472052000002 20.097947493598493
3.215975217610001 20.09009496177319
3.216303263490001 20.082243058664442
3.216631342820001 20.07439182976091
3.2169594556300005 20.066540734168058
3.2172876019000007 20.058689834842838
3.2176157816400006 20.050839228849142
3.217943994860001 20.042988800232205
3.2182722415600007 20.035138557351107
3.218600521740001 20.02728833528568
3.2189288354100003 20.019438968589117
3.2192571825700007 20.011590011682063
3.219585563220001 20.003741067523496
3.2199139773700005 19.995892365376708
3.220242425020001 19.98804408348553
3.2205709061700007 19.980196011207862
3.2208994208300004 19.972348245688895
3.2212279690000005 19.96450078194465
3.2215565506800004 19.95665353952091
3.2218851658800003 19.948806510783218
3.2222138145900003 19.94095980274321
3.2225424968400005 19.933113226432425
3.2228712126100003 19.925266520582152
3.2231999619100007 19.917420087580748
3.2235287447400007 19.909576732788224
3.2238575611200004 19.901731678445813
3.2241864110300003 19.89388586909054
3.2245152944900006 19.88604146261747
3.2248442114900002 19.878197442118722
