mskpy/data/calspec-jwst-nirspec-prism.ecsv
# %ECSV 1.0
# ---
# datatype:
# - {name: wave, unit: um, datatype: float64}
# - {name: spec, unit: W / (um m2), datatype: float64}
# meta: !!omap
# - {comments: 'CALSPEC model solar spectrum, smoothed to match JWST/NIRSpec Prism'}
# - {spectrum: 'R=5000, created by R. Bohlin from Kurucz Special Model'}
# schema: astropy-2.0
wave spec
[from data line 17416]
2.9546161090400007 27.676311705640742
2.9549174949600006 27.665831271191962
2.9552189116100003 27.655353496235147
2.9555203590100003 27.64487751249604
2.9558218371600007 27.634403252286866
2.9561233460700005 27.623930717490364
2.9564248857200006 27.61346068007076
2.9567264561400006 27.602990753415533
2.9570280573200005 27.592522997208604
2.9573296892600007 27.582056667675904
2.957631351970001 27.571591742878613
2.9579330454600004 27.561128324858
2.95823476971 27.55066611446258
2.9585365247500004 27.540208055790966
2.958838310560001 27.529749863706286
2.9591401271600004 27.51929195992528
2.9594419745400007 27.508834945735313
2.9597438527200004 27.49837928909606
2.9600457616900004 27.487924620915233
2.9603477014500004 27.477471448148076
2.96064967202 27.46701948118776
2.9609516733800008 27.456568404744402
2.961253705550001 27.446118709525486
2.9615557685300007 27.435670023473065
2.9618578623300005 27.425221918471717
2.9621599869400006 27.41477415636923
2.9624621423600006 27.404327832657657
2.9627643286100005 27.39388259216109
2.9630665456800007 27.38343777268579
2.9633687935800004 27.37299355618965
2.963671072310001 27.362549539509153
2.9639733818800007 27.35210635157333
2.9642757222800005 27.341663793633646
2.9645780935200006 27.33122198189463
2.96488049561 27.320780956973422
2.9651829285400004 27.310340275647107
2.96548539232 27.299899974333794
2.9657878869500007 27.28946014406455
2.9660904124400007 27.279019631437137
2.9663929687900006 27.268580354844907
2.9666955560100003 27.25814139386449
2.9669981740800004 27.247702841038503
2.967300823030001 27.23726491074444
2.9676035028500007 27.226827065456302
2.9679062135400005 27.216388966882988
2.96820895511 27.205950839299287
2.9685117275600006 27.195512638595908
2.9688145309000005 27.18507462107601
2.9691173651200007 27.174636668331928
2.969420230240001 27.16419849993284
2.969723126240001 27.153760253322528
2.9700260531500002 27.14332145381293
2.9703290109500005 27.13288274830676
2.9706319996600006 27.122444032473933
2.97093501928 27.112004742237005
2.9712380698000005 27.101565466089887
2.9715411512400007 27.091126061419246
2.9718442635900004 27.080686364323952
2.9721474068600005 27.070246061478173
2.9724505810600004 27.05980550905432
2.972753786180001 27.04936420781924
2.9730570222200003 27.038922096200597
2.9733602892000004 27.028479782409853
2.9736635871200003 27.018036047804348
2.9739669159700006 27.007592760184753
2.9742702757600004 26.99714920733004
2.9745736665000004 26.98670469072495
2.974877088180001 26.976259495927042
2.9751805408200003 26.965813115373226
2.9754840244100005 26.955365913741645
2.9757875389500006 26.944917480019793
2.9760910844600006 26.93446928946813
2.9763946609300005 26.92402036750007
2.9766982683700007 26.913570797625113
2.9770019067700004 26.903120481329633
2.9773055761500005 26.89266912311055
2.9776092765000004 26.88221730579991
2.9779130078300007 26.871764998221828
2.9782167701500004 26.86131132180947
2.9785205634500005 26.850856778829765
2.9788243877400005 26.840401337521293
2.979128243020001 26.8299449719054
2.9794321292900006 26.819487173334473
2.9797360465600002 26.80902950795369
2.9800399948400007 26.79857041073373
2.9803439741200006 26.788110298880568
2.980647984400001 26.777649189169324
2.9809520257000006 26.76718713629955
2.9812560980100007 26.756724092577084
2.9815602013400007 26.74625909935048
2.9818643356800005 26.735794098608533
2.9821685010500008 26.725328106752098
2.982472697450001 26.714861133949054
2.9827769248800005 26.704393109757362
2.9830811833300004 26.69392399083217
2.98338547283 26.683454463297952
2.9836897933600004 26.672982979929248
2.9839941449400005 26.662511059139934
2.9842985275600005 26.652038170049426
2.9846029412300004 26.64156432169338
2.9849073859500006 26.631090049366588
2.9852118617300003 26.620614527921987
2.9855163685700004 26.610137738495293
2.9858209064600003 26.59965922511726
2.9861254754200006 26.589180303575034
2.9864300754500004 26.57870058351054
2.9867347065500005 26.568220562384205
2.9870393687200005 26.557739610020707
2.9873440619700005 26.54725755916367
2.9876487863000007 26.536774185933485
2.9879535417200005 26.52628951176904
2.98825832822 26.515804471618218
2.9885631458100006 26.505319149371736
2.9888679944900005 26.494832797677823
2.989172874270001 26.484345601484257
2.9894777851500005 26.47385775247414
2.98978272713 26.463369168328107
2.9900877002200006 26.452879483538347
2.9903927044100005 26.44238954867128
2.9906977397200003 26.43189843736694
2.9910028061400005 26.421406469252048
2.9913079036800005 26.41091368207743
2.99161303234 26.400420045576638
2.991918192130001 26.389925767502167
2.9922233830500007 26.379431031315622
2.9925286050900004 26.368935603021225
2.9928338582700005 26.358438705855015
2.9931391425900005 26.34794177247577
2.9934444580500004 26.337442672981396
2.9937498046500006 26.32694409246283
2.9940551824000003 26.31644586628919
2.9943605913000004 26.30594586636724
2.9946660313500004 26.295445123396266
2.9949715025600003 26.284945645639002
2.9952770049300006 26.274446624321552
2.9955825384600003 26.263947615757257
2.9958881031500004 26.253448638387244
2.996193699020001 26.24294974536821
2.9964993260600004 26.232451096813953
2.9968049842700006 26.221952455918363
2.9971106736600004 26.211453053000398
2.997416394240001 26.200954702185992
2.9977221460000005 26.190456275769133
2.9980279289500005 26.179958285997657
2.998333743080001 26.16946052734869
2.9986395884200006 26.158963511919012
2.9989454649500007 26.148466786766456
2.9992513726800003 26.13797053050133
2.9995573116200003 26.1274742116869
2.9998632817600006 26.116978949613614
3.0001692831200004 26.106484535087912
3.0004753156900006 26.09599089059477
3.0007813794700007 26.08549874790555
3.0010874744800007 26.07500615483438
3.0013936007100006 26.064514997172235
3.0016997581600005 26.054025564919186
3.00200594684 26.04353733996636
3.0023121667600003 26.033050178346002
3.0026184179200004 26.02256412213476
3.0029247003100004 26.01208021986205
3.0032310139400007 26.001596185115684
3.0035373588200005 25.991114406330148
3.0038437349500007 25.980634232973202
3.0041501423300008 25.970155682562
3.0044565809700003 25.959678865773252
3.0047630508600003 25.949204057431224
3.005069552020001 25.938731026328135
3.0053760844400004 25.928260055343223
3.0056826481300005 25.91779091014289
3.0059892430900006 25.90732375019964
3.0062958693200006 25.89685869362744
3.0066025268300005 25.886395961452816
3.0069092156300004 25.875934362023884
3.0072159357000006 25.86547791676344
3.0075226870600007 25.85502268595646
3.0078294697200003 25.84456996274587
3.0081362836600007 25.83411973436594
3.00844312891 25.823672464752086
3.0087500054500005 25.813226760904435
3.0090569132900007 25.802784623953315
3.009363852450001 25.79234825769906
3.0096708229100004 25.781913424324806
3.0099778246800004 25.771481881402288
3.0102848577700008 25.761053917140583
3.0105919221800006 25.75062759019171
3.010899017910001 25.740206529219606
3.0112061449700005 25.729789168369383
3.0115133033500006 25.71937760243462
3.0118204930700005 25.70896792880999
3.0121277141200005 25.69856222458359
3.0124349665100003 25.68815850968041
3.0127422502400005 25.67776100424584
3.0130495653100007 25.667366704458015
3.0133569117400008 25.656977851393638
3.0136642895100003 25.646595943018824
3.0139716986400003 25.636216460421036
3.0142791391200006 25.62583934968592
3.014586610970001 25.615469424162452
3.0148941141800005 25.60510417295123
3.0152016487500006 25.59474362834932
3.0155092147000007 25.58438818265034
3.01581681202 25.574040677034045
3.0161244407100005 25.563693163662478
3.0164321007900003 25.55335356499768
3.0167397922500006 25.543019536848348
3.0170475150900007 25.53269028775027
3.0173552693300008 25.522367503909123
3.0176630549500008 25.51205058641796
3.0179708719800007 25.50173982353385
3.0182787204000006 25.491434876742062
3.018586600220001 25.481135942917383
3.018894511450001 25.47084310105599
3.0192024540900007 25.460556608932997
3.0195104281300007 25.450276644767793
3.0198184336000002 25.439999988644928
3.0201264704800006 25.429736532535852
3.0204345387800005 25.41947651315683
3.0207426385100007 25.409223324390275
3.021050769670001 25.39897598323189
3.021358932250001 25.38873675131831
3.0216671262700006 25.378501328373872
3.0219753517300005 25.3682771009774
3.0222836086300005 25.358064204927363
3.0225918969700007 25.34785441191173
3.022900216760001 25.337651793956315
3.0232085680000007 25.327456830590798
3.023516950690001 25.317265953331322
3.023825364840001 25.307086598527086
3.0241338104500004 25.296915147828155
3.0244422875200003 25.28675565488925
3.0247507960600006 25.276600299582377
3.0250593360700004 25.26645210626989
3.0253679075500006 25.25630936472306
3.0256765105100003 25.24617893142935
3.0259851449400004 25.236056944122566
3.0262938108600004 25.2259434831296
3.0266025082600003 25.215842827940676
3.0269112371600007 25.20574643083801
3.0272199975400005 25.195658828594006
3.0275287894200007 25.1855761630308
3.0278376128000004 25.175506641613715
3.028146467680001 25.16544619681479
3.0284553540600005 25.15539490970681
3.0287642719500005 25.145352856272808
3.0290732213500005 25.13532395225808
3.0293822022700008 25.125296297432477
3.029691214710001 25.115282268695726
3.0300002586600003 25.105277756523193
3.0303093341400005 25.095282866412997
3.0306184411500006 25.08529762512126
3.0309275796900006 25.07532209725955
3.03123674976 25.065356802746717
3.0315459513700005 25.055400174969414
3.031855184510001 25.0454513728849
3.0321644492100006 25.03551291858284
3.0324737454500004 25.025585673097016
3.03278307323 25.01566898699015
3.03309243257 25.0057569693746
3.0334018234700006 24.99586554985267
3.0337112459300006 24.985979574916946
3.0340206999500006 24.97610384483066
3.0343301855300004 24.96623837148479
3.0346397026900003 24.956383301818295
3.034949251410001 24.946533983898913
3.0352588317200007 24.936699655155053
3.0355684436000008 24.926880715727393
3.0358780870600004 24.91706731609012
3.0361877621100004 24.90726445853665
3.0364974687500004 24.897472134338848
3.0368072069800007 24.887685637325323
3.0371169768000006 24.877913409223876
3.0374267782200004 24.868153146383307
3.0377366112400006 24.858408909645057
3.0380464758700008 24.848670120583574
3.0383563721100004 24.838941669160747
3.0386662999500005 24.829219259335144
3.03897625941 24.81951278568173
3.0392862504900005 24.809817120542625
3.0395962731900004 24.80013156084421
3.0399063275100007 24.790461440687558
3.04021641346 24.78079702049983
3.0405265310400003 24.77113856944662
3.0408366802500004 24.761495674943724
3.0411468611000005 24.751864060567907
3.0414570735900006 24.742243034981588
3.0417673177300006 24.732631999199466
3.0420775935100006 24.723036558918803
3.0423879009400006 24.71344224728242
3.0426982400200004 24.70386318851516
3.0430086107600007 24.69429478649521
3.0433190131600005 24.68473709599941
3.0436294472200007 24.67519052400167
3.0439399129400004 24.665655108115022
3.044250410340001 24.65612954232242
3.0445609394100006 24.646614077161274
3.0448715001500006 24.637108555370236
3.04518209257 24.62761335758592
3.0454927166800005 24.61812776210604
3.0458033724700004 24.608653463299802
3.0461140599400007 24.599189492016638
3.046424779110001 24.58973142189599
3.0467355299800007 24.580292526351617
3.047046312540001 24.570859166793557
3.0473571268100006 24.561435962160036
3.0476679727800007 24.552022839873406
3.0479788504500007 24.54261969193214
3.0482897598400003 24.53322202876542
3.0486007009400007 24.52383818523274
3.0489116737600006 24.514468568868534
3.049222678300001 24.50510448711156
3.0495337145700003 24.495749433476956
3.0498447825600006 24.48640477345887
3.0501558822800003 24.477065419129655
3.05046701374 24.46773950857758
3.0507781769300006 24.458422719173367
3.0510893718700003 24.449118490547352
3.0514005985400003 24.43981958874293
3.0517118569700004 24.43053049240648
3.052023147140001 24.421246791615687
3.0523344690700007 24.4119757348762
3.052645822750001 24.402713563289396
3.052957208190001 24.39346019620253
3.0532686254000008 24.384219381087135
3.0535800743700006 24.37498351619225
3.0538915551100003 24.36575175605819
3.0542030676300005 24.356532625349864
3.0545146119200006 24.34732178177953
3.054826187980001 24.338119116500874
3.055137795840001 24.328924637519293
3.055449435470001 24.31974170612771
3.0557611069000004 24.310563076172123
3.0560728101200008 24.30138895089386
3.0563845451300007 24.292225719558463
3.056696311940001 24.283070059841453
3.0570081105500004 24.273921927216836
3.0573199409700003 24.264781210184484
3.0576318032000005 24.25564794157155
3.0579436972400003 24.246522526367002
3.058255623090001 24.23740374637381
3.0585675807600006 24.228291651765314
3.0588795702600007 24.21918621846723
3.0591915915700008 24.210087485665174
3.0595036447200004 24.200995366631915
3.0598157296900004 24.19190699364952
3.0601278465000004 24.182830305881684
3.0604399951500003 24.173757259296877
3.0607521756400007 24.164690413639814
3.0610643879700006 24.155629616765857
3.061376632150001 24.146575202606446
3.0616889081800007 24.137525147244876
3.0620012160600005 24.12848184365559
3.0623135558000003 24.119446131163322
3.06262592741 24.110413006997785
3.0629383308700002 24.10138525678106
3.0632507662000004 24.09236315514048
3.063563233400001 24.083344412477995
3.06387573248 24.074332756103704
3.0641882634300006 24.065326049985778
3.0645008262600006 24.05632614269343
3.0648134209700006 24.04732907930361
3.0651260475700006 24.038336576578438
3.0654387060600006 24.029348444979465
3.0657513964400005 24.020363004914532
3.0660641187200004 24.011382667716965
3.0663768729000007 24.00240780139924
3.0666896589800006 23.99343676386685
3.0670024769700004 23.984470840867044
3.0673153268600006 23.975507080006476
3.0676282086700004 23.966545639605116
3.0679411223900006 23.957589188114774
3.068254068030001 23.94863620485223
3.0685670456000005 23.939686739392105
3.0688800550900006 23.93074066310755
3.0691930965000007 23.92179904505726
3.0695061698500004 23.912858113172252
3.069819275140001 23.903921197693883
3.070132412360001 23.89498712802746
3.0704455815200005 23.886054992269155
3.070758782630001 23.877126500157544
3.071072015690001 23.86820058202634
3.0713852807000004 23.859277214792133
3.0716985776600003 23.85035621018544
3.0720119065800002 23.841437532559546
3.0723252674600006 23.832521091541974
3.0726386603100004 23.823606814212013
3.0729520851300007 23.814694675831614
3.073265541910001 23.805784620069048
3.073579030670001 23.796876662343593
3.073892551410001 23.787970457464404
3.0742061041200004 23.779065892267774
3.0745196888300006 23.770161973282498
3.074833305520001 23.761260768144854
3.075146954190001 23.752361392885376
3.0754606348700007 23.743463009769307
3.0757743475400003 23.734566276393387
3.0760880922100005 23.725671266555086
3.076401868880001 23.716777081536403
3.0767156775600006 23.707884101983296
3.0770295182500003 23.698992319115295
3.0773433909600003 23.69010130871454
3.077657295680001 23.681211704863717
3.077971232420001 23.672322969748194
3.078285201180001 23.663435440351094
3.078599201970001 23.654548594743083
3.0789132347900003 23.645661637101902
3.0792272996500007 23.63677626737044
3.0795413965400007 23.627891948753156
3.0798555254600006 23.61900829016603
3.0801696864400006 23.610125251271604
3.0804838794500005 23.60124311306777
3.0807981045200004 23.592361405285423
3.0811123616400007 23.583480312608206
3.0814266508100006 23.574599579669638
3.0817409720500004 23.565719534073548
3.0820553253400003 23.556840005890162
3.0823697107100005 23.547960927648003
3.082684128140001 23.539082351558346
3.08299857764 23.53020389784772
3.0833130592200004 23.521324978253315
3.0836275728800007 23.51244608707341
3.083942118620001 23.50356788332398
3.0842566964400002 23.494690830085574
3.0845713063600004 23.48581433707245
3.08488594836 23.476938363357828
3.085200622460001 23.468062816958703
3.0855153286600006 23.459187438217892
3.0858300669600003 23.450312328514933
3.0861448373600004 23.441437479849892
3.0864596398800006 23.43256282400667
