mskpy/data/calspec-jwst-nirspec-prism.ecsv
# %ECSV 1.0
# ---
# datatype:
# - {name: wave, unit: um, datatype: float64}
# - {name: spec, unit: W / (um m2), datatype: float64}
# meta: !!omap
# - {comments: 'CALSPEC model solar spectrum, smoothed to match JWST/NIRSpec Prism'}
# - {spectrum: 'R=5000, created by R. Bohlin from Kurucz Special Model'}
# schema: astropy-2.0
wave spec
[from data line 14336]
2.1580586496300005 88.03770698514877
2.1582787826200005 88.0043464656545
2.1584989380600006 87.97101031957378
2.1587191159600008 87.93772939391069
2.1589393163200006 87.9044008705984
2.1591595391400005 87.87112303232773
2.159379784430001 87.83786323893288
2.1596000521800005 87.80462729169457
2.1598203424 87.77140940632299
2.160040655090001 87.73820906305495
2.1602609902500003 87.70503267875607
2.1604813478900002 87.67184444433788
2.1607017280100003 87.63874607721398
2.1609221306000004 87.60563270078767
2.1611425556800006 87.57250743877115
2.1613630032400004 87.53943643103115
2.1615834732900003 87.50638615652879
2.1618039658300003 87.47338858516753
2.1620244808600004 87.44034668451954
2.1622450183900006 87.40735879407498
2.1624655784100004 87.37439178283114
2.1626861609200003 87.34144926818513
2.16290676594 87.30852439726797
2.1631273934600004 87.27562183855368
2.16334804349 87.24274147837828
2.1635687160200003 87.20984424553028
2.1637894110700002 87.17704338916488
2.1640101286200006 87.14422757219928
2.1642308686900003 87.11139972265282
2.1644516312800004 87.07862708441469
2.16467241639 87.04587673888116
2.1648932240100005 87.01318553849906
2.16511405416 86.98044463246912
2.16533490684 86.94775438452159
2.16555578204 86.91509131089796
2.1657766797800004 86.88245425795942
2.1659976000400007 86.8498363141301
2.1662185428500003 86.81723976605144
2.1664395081900008 86.78466445058945
2.16666049606 86.75207716558
2.1668815064900007 86.71958425706075
2.1671025394500005 86.68707046963092
2.1673235949600005 86.65454955100965
2.1675446730200005 86.62208510115165
2.16776577363 86.58964364155442
2.1679868968000005 86.55726238373141
2.1682080425200008 86.5248309480279
2.1684292108000007 86.4924561146763
2.1686504016400003 86.46010372796849
2.1688716150400005 86.4277733014181
2.1690928510000003 86.39546595891032
2.1693141095400006 86.36318109261106
2.1695353906400006 86.33091950201725
2.16975669432 86.29864616830777
2.1699780205700003 86.26646726835608
2.1701993693900006 86.23427317709282
2.17042074079 86.20206777032288
2.1706421347800005 86.16991436760051
2.17086355135 86.137788629824
2.1710849905000003 86.10572281573896
2.1713064522400005 86.07360777197796
2.1715279365800004 86.04155117652168
2.1717494435000004 86.00951826291931
2.171970973020001 85.97751111009998
2.17219252514 85.94552431235881
2.1724140998500006 85.91356117138984
2.1726356971700005 85.88162343497409
2.1728573170900005 85.84967043367288
2.1730789596200006 85.81780873048179
2.1733006247600004 85.78593265524556
2.1735223125100007 85.75404723576074
2.1737440228700007 85.72221937091788
2.1739657558400003 85.69041357339081
2.17418751144 85.65866413389963
2.1744092896500007 85.62686873554195
2.1746310904900006 85.59513027874749
2.1748529139500006 85.56341515842557
2.17507476004 85.53172630090869
2.1752966287600004 85.50005661978861
2.1755185201100002 85.46840976844226
2.1757404341000006 85.43678729402976
2.1759623707200006 85.40515162606006
2.1761843299800003 85.37360795385737
2.1764063118800006 85.34204971956095
2.1766283164200004 85.31048229959407
2.1768503436100004 85.27897172938518
2.1770723934500005 85.24748463586059
2.17729446594 85.21605752666386
2.1775165610800005 85.18458260985399
2.1777386788700004 85.15315838599733
2.1779608193200004 85.12176274661483
2.17818298243 85.09039283999861
2.1784051682100003 85.05904179452753
2.1786273766400006 85.02771338139084
2.1788496077500006 84.99640743313853
2.17907186152 84.96509076833703
2.1792941379600004 84.93386548766502
2.17951643708 84.90262736394922
2.17973875887 84.87137933020453
2.1799611033400006 84.84018730065895
2.1801834705000007 84.80901637700119
2.1804058603300005 84.77790338595426
2.180628272850001 84.7467448001287
2.1808507080500004 84.71564104450638
2.1810731659500004 84.68456095992569
2.18129564653 84.65347252835318
2.1815181498100005 84.62247372208563
2.18174067579 84.5914623928664
2.1819632244700005 84.5604695124269
2.1821857958500006 84.5294653178986
2.1824083899300004 84.49854987950634
2.1826310067100003 84.46762199867099
2.1828536462100003 84.43668450802144
2.1830763084100004 84.40579506212984
2.18329899333 84.3749320600544
2.1835217009600005 84.34412428525808
2.1837444313100005 84.31327337716313
2.1839671843800006 84.2824754805956
2.1841899601700008 84.25169920806641
2.18441275869 84.22091358334019
2.1846355799300006 84.19021296833601
2.1848584239000006 84.1595001326335
2.1850812906000003 84.12880368451108
2.1853041800400006 84.09810411000709
2.18552709221 84.0674910241584
2.1857500271200005 84.03686984134869
2.1859729847700002 84.00623784653234
2.1861959651700005 83.97565316031441
2.1864189683000004 83.94508912150987
2.1866419941900004 83.91457744121607
2.1868650428300005 83.88401958438615
2.1870881142100007 83.85351674079152
2.18731120836 83.82303448366991
2.1875343252500006 83.7925725935931
2.1877574649100007 83.76213375128187
2.1879806273300004 83.7317119911717
2.1882038125100003 83.7013109515925
2.1884270204600007 83.67090030944077
2.1886502511800003 83.64057518359992
2.1888735046700005 83.61024127494123
2.1890967809300004 83.57992540391913
2.18932007997 83.54959954899246
2.1895434017800004 83.5193196635541
2.1897667463700006 83.48908754827592
2.1899901137500004 83.45881723618349
2.1902135039100004 83.42859405110606
2.1904369168600004 83.39838630416577
2.1906603526 83.3682012273539
2.1908838111300004 83.33803611523663
2.1911072924500004 83.3078849119403
2.1913307965700004 83.27775289805632
2.1915543234800006 83.24761566142122
2.191777873200001 83.21752424056027
2.1920014457200003 83.18747970945176
2.1922250410500004 83.15742528167596
2.1924486591900005 83.12736449937702
2.1926723001300004 83.0973469469303
2.1928959638900003 83.0673748683367
2.19311965046 83.03736889337439
2.1933433598500005 83.00740619877058
2.1935670920600003 82.97746170832798
2.1937908470900007 82.94753531261806
2.1940146249500003 82.91762517503456
2.1942384256300005 82.88773393071418
2.1944622491400003 82.85786023897461
2.1946860954800003 82.82798020374129
2.1949099646500003 82.79814129133865
2.1951338566700005 82.7683451680668
2.1953577715100003 82.73854103455459
2.1955817092000007 82.70873089143525
2.195805669740001 82.67895631394687
2.19602965311 82.64922592493261
2.1962536593400004 82.61948681196174
2.1964776884100004 82.58974280037279
2.1967017403400004 82.56003790794428
2.1969258151200006 82.53034986371617
2.1971499127600005 82.50068009487964
2.1973740332600005 82.47102488565672
2.19759817661 82.44138248161285
2.1978223428400003 82.41175928158061
2.19804653192 82.38213093725382
2.19827074388 82.35256250542562
2.1984949787100003 82.32298633064886
2.1987192364100006 82.29340437091003
2.1989435169800005 82.26385810028141
2.1991678204400005 82.23432739785429
2.1993921467700006 82.20483281887779
2.1996164959900004 82.17530766301171
2.1998408680900003 82.1458212797403
2.2000652630800004 82.11634981622646
2.20028968095 82.08689453329235
2.2005141217200004 82.05745171103742
2.2007385853900003 82.02802415512815
2.2009630719500004 81.9986111532839
2.2011875814100006 81.96918839362962
2.2014121137700005 81.93982227613732
2.2016366690300004 81.91044979031183
2.2018612472000005 81.88109095019959
2.2020858482700008 81.85172853851054
2.2023104722600007 81.8223969168204
2.20253511916 81.79309769526228
2.2027597889800004 81.76377801418379
2.2029844817100006 81.73448826837817
2.2032091973600005 81.70520526802628
2.2034339359400006 81.67593861880735
2.2036586974400003 81.6466855126208
2.2038834818600006 81.61744343335563
2.2041082892200006 81.58821450162982
2.20433311951 81.55898282712957
2.2045579727300004 81.52979486723946
2.2047828488800008 81.50060111332468
2.2050077479800008 81.47141484091442
2.2052326700200005 81.44223048660531
2.2054576149900003 81.413072819722
2.2056825829200006 81.3839420736771
2.2059075737900002 81.35479208869324
2.20613258762 81.3256680010915
2.2063576243900007 81.29655589250576
2.2065826841200002 81.2674549599725
2.2068077668100003 81.23836082914848
2.2070328724600006 81.20928012620858
2.2072580010700005 81.18020988922251
2.20748315264 81.15115056663707
2.2077083271800007 81.12210315258685
2.2079335246900005 81.09306487828215
2.2081587451700004 81.06403684766143
2.2083839886200005 81.03500654246518
2.2086092550500003 81.00599364174569
2.20883454446 80.9770069593636
2.20905985685 80.94801735852057
2.2092851922200007 80.91902556748369
2.2095105505800006 80.89005371410137
2.2097359319200005 80.8610904196881
2.20996133626 80.83213850564731
2.2101867635900003 80.80319608931264
2.21041221391 80.77426637915492
2.2106376872300006 80.74534361733609
2.2108631835500003 80.71641567702557
2.21108870287 80.68751712434045
2.2113142451900005 80.6586160506551
2.2115398105200006 80.62971336073538
2.2117653988600003 80.60082862505628
2.21199101021 80.57196183585386
2.2122166445800002 80.543092035619
2.2124423019600004 80.51421702820055
2.2126679823600006 80.48536340090456
2.2128936857800006 80.45651888172333
2.21311941222 80.42769665271133
2.2133451616900004 80.39886705815363
2.2135709341800003 80.37004620315298
2.2137967297100003 80.34122637188923
2.2140225482600004 80.31240308059311
2.2142483898600003 80.28360352737572
2.2144742544800002 80.25480261884272
2.2147001421500003 80.22601003959747
2.21492605286 80.19721705105538
2.2151519866200005 80.16843771513513
2.2153779434200005 80.13967250795314
2.2156039232700007 80.11089899247585
2.21582992617 80.08213895640614
2.21605595212 80.05338018411945
2.21628200113 80.02463871109535
2.2165080732000004 79.99588923184616
2.2167341683200004 79.96715173870123
2.2169602865100004 79.93842019026334
2.2171864277700006 79.90969468335935
2.2174125920900005 79.88097518725343
2.2176387794900005 79.85225986342182
2.2178649899500003 79.82354415499688
2.2180912234900005 79.79483226227028
2.21831748011 79.76613028662709
2.2185437598100006 79.73743873505994
2.2187700625900004 79.70874654118525
2.21899638845 79.6800541811102
2.2192227374000004 79.65137091235805
2.2194491094400006 79.62269275396757
2.2196755045600005 79.59402521026568
2.21990192279 79.5653556636733
2.2201283641100003 79.53668882983669
2.22035482852 79.5080257178776
2.22058131604 79.4793626557441
2.2208078266600007 79.45071152097456
2.2210343603800005 79.4220597334477
2.2212609172100004 79.39341147553961
2.2214874971600005 79.36476188768793
2.2217141002100007 79.33612365171247
2.22194072638 79.307484944869
2.2221673756700007 79.27884633428327
2.2223940480700004 79.25021391149112
2.2226207436000003 79.22158426738642
2.2228474622500003 79.19295994665198
2.2230742040300004 79.16433160251336
2.2233009689400007 79.13570660284508
2.2235277569800003 79.10708320911634
2.2237545681500004 79.07846072723817
2.2239814024500006 79.04984620430086
2.2242082599000006 79.02123209362915
2.2244351404900002 78.9926203484871
2.2246620442200005 78.96400830338303
2.2248889710900004 78.93540049126638
2.2251159211100004 78.90679703892145
2.22534289429 78.87819114004832
2.2255698906100005 78.84958738632146
2.2257969100900006 78.820987066681
2.2260239527300003 78.79239055665094
2.2262510185200006 78.76379296375559
2.22647810748 78.73519838426188
2.2267052196000003 78.70660521429735
2.22693235489 78.67801198668924
2.22715951335 78.64941910847482
2.2273866949800003 78.62082769794593
2.2276138997800006 78.59223916047375
2.22784112776 78.563653207161
2.2280683789200006 78.5350697607964
2.2282956532600005 78.50648917248806
2.2285229507800004 78.47790694250483
2.22875027148 78.44932447625553
2.2289776153800003 78.42074011460433
2.22920498246 78.39216106048708
2.2294323727400007 78.36358260785263
2.229659786210001 78.33500438592672
2.2298872228800004 78.30642631750523
2.2301146827500005 78.27784741403424
2.2303421658300002 78.24926923848088
2.2305696721000006 78.22069221841322
2.2307972015800006 78.19211536665819
2.23102475428 78.16353496617478
2.2312523301800002 78.13495917400218
2.2314799293000003 78.10638290134501
2.2317075516300005 78.07780753541164
2.2319351971800008 78.04923332770669
2.2321628659600004 78.02066004851714
2.2323905579500005 77.99208565066876
2.2326182731800004 77.96351074207556
2.23284601163 77.93493361213132
2.23307377331 77.90635744832161
2.2333015582200004 77.87778141945253
2.2335293663700004 77.84920447387724
2.2337571977600006 77.82062624595359
2.2339850523800004 77.7920470923758
2.2342129302500005 77.76346815303711
2.2344408313700006 77.7348897772806
2.2346687557300005 77.7063087767287
2.2348967033400005 77.67772759614314
2.2351246742 77.64914748765862
2.23535266832 77.62056841765983
2.2355806856900005 77.5919874252274
2.23580872632 77.56340425372842
2.2360367902100005 77.53482160525382
2.2362648773700005 77.5062396451403
2.23649298779 77.47765184462965
2.2367211214900005 77.44906751719843
2.2369492784500005 77.42048039797704
2.2371774586800006 77.39189498600314
2.2374056621900005 77.36330772444649
2.23763388898 77.33472003954853
2.2378621390500006 77.30613285491884
2.2380904124000005 77.27754171676212
2.2383187090400005 77.24895170663962
2.2385470289600002 77.22035605480092
2.2387753721800006 77.19176568720029
2.23900373868 77.16317236569364
2.2392321284800003 77.13457582807071
2.2394605415800006 77.10598112749389
2.23968897798 77.07738762381467
2.2399174376800004 77.04879065308317
2.2401459206800003 77.02019216276034
2.2403744269900003 76.99159707884415
2.2406029566100005 76.96300311339238
2.24083150954 76.93440307888643
2.2410600857800005 76.90580041956028
2.2412886853400003 76.87719710612359
2.2415173082100006 76.84859270418468
2.2417459544100007 76.81998498346309
2.2419746239300005 76.79137706925282
2.2422033167800004 76.76276365165799
2.2424320329500005 76.73415144545385
2.2426607724600003 76.70554227171398
2.2428895352900002 76.6769346807556
2.2431183214600003 76.64832150092253
2.24334713097 76.61970707741067
2.2435759638200006 76.59109238602717
2.2438048200100007 76.56247949287801
2.2440336995500005 76.53386112790653
2.2442626024300005 76.50523727700171
2.2444915286600002 76.47661730700473
2.24472047825 76.44799311911822
2.2449494511800006 76.41937034289514
2.2451784474800007 76.39074550353747
2.2454074671300006 76.36212054391957
2.2456365101400007 76.3334925423647
2.2458655765200004 76.30486227767965
2.2460946662600003 76.27622962737816
2.2463237793700004 76.24759956639865
2.2465529158600006 76.218967285782
2.24678207571 76.1903328875562
2.24701125894 76.16170088943925
2.2472404655500005 76.1330646953845
2.2474696955400004 76.10442652711703
2.2476989489100005 76.07578799294086
2.24792822567 76.04714456253215
2.2481575258100004 76.0185038107241
2.2483868493400005 75.98986237454734
2.24861619627 75.96122038417705
2.2488455665900005 75.93257886214269
2.24907496031 75.90393262492005
2.2493043774200006 75.87528647852295
2.2495338179400006 75.84664070867171
2.2497632818700004 75.81798844322917
2.249992769190001 75.78933947427144
2.25022227993 75.76068807514169
2.2504518140800003 75.73203839406192
2.2506813716400003 75.70338786471862
2.2509109526200004 75.67473564189407
2.2511405570200003 75.64608176700601
2.2513701848400003 75.61742733736112
2.2515998360800005 75.58877187598978
2.2518295107500004 75.56011096316863
2.2520592088400004 75.53145420781816
2.25228893037 75.50279559549433
2.25251867532 75.47413544415062
2.2527484437200003 75.44547576374478
2.2529782355500005 75.41681590687732
2.2532080508200005 75.38815423824076
2.2534378895300002 75.35949113936377
2.2536677516900006 75.33082407413953
2.2538976372900006 75.30216099546625
2.254127546350001 75.27349699420488
2.2543574788500007 75.24483253175865
2.254587434810001 75.21616710505228
2.25481741423 75.18750207398173
2.25504741711 75.15883610110926
2.2552774434500007 75.13016937178894
2.2555074932500006 75.10149843179465
2.2557375665100006 75.07283048584198
2.2559676632500003 75.04416229439788
2.2561977834600007 75.01549329136172
2.2564279271400007 74.98682275135187
2.2566580943000005 74.95815085581717
2.25688828493 74.92947907191041
2.2571184990500006 74.90080767946752
2.25734873665 74.87213877926006
2.2575789977300005 74.8434707852336
2.2578092823000007 74.81479879370671
2.2580395903600006 74.78612617568716
